12716326.886497 3567772.221398
12716482.177186 3567826.353947
12712891.121733 3568141.722672
12712886.334995 3568146.373806
12716686.448452 3568220.146193
12716651.716771 3568268.466695
12716014.412686 3568428.029032
12716065.063054 3568395.211997
12712806.630239 3568693.152472
12713187.008939 3568557.230789
12716191.855954 3568896.262517
12716156.567676 3568875.718794
12716074.747850 3568810.728497
12712462.096415 3568735.531396
12712498.720528 3568858.017626
12715553.438675 3568650.127674
12715639.154683 3568700.517091
12715038.474710 3568870.938184
12714795.575581 3568764.602387
12714783.441757 3568840.316483
12714617.353077 3568851.944969
12714513.603311 3568914.868181
12714556.683954 3568801.425738
12714491.116774 3569042.136833
12714574.940351 3569022.884944
12712033.739015 3569231.814740
12711942.679671 3569180.260312
12712105.762725 3569067.332303
12713239.663059 3568803.234608
12713297.437874 3568783.337061
12713262.260915 3568803.880632
12713175.431712 3568819.126827
12713200.255959 3568822.098545
12713118.992731 3568863.444259
12713050.531244 3568906.082170
12713016.578799 3568993.038114
12713060.438678 3569042.266041
12713144.818852 3569122.116473
12713267.492931 3569003.503878
12713264.821263 3569046.659094
12713273.838142 3569057.383317
12713266.713695 3568999.627668
12713187.788176 3568898.459017
12713182.667479 3568921.845313
12713052.089717 3569019.396350
12713065.114097 3568941.484666
12713126.562456 3568916.547861
12715621.677523 3569117.206562
12716205.102974 3569132.065511
12715979.124407 3569234.398927
12713324.043233 3568725.711876
12714574.272434 3569181.681609
12714538.984155 3569183.361324
12714565.478194 3569227.033995
12714589.300565 3569148.733397
12714791.122802 3569335.441073
12712379.497353 3569268.897881
12712319.718787 3569322.520037
12712185.356161 3569393.585898
12712459.647387 3569179.355850
12715172.614697 3569466.848762
12714953.649258 3569399.271185
12714977.694268 3569470.466692
12714215.712354 3569136.329387
12714344.842963 3569347.716069
12714510.709004 3569336.603967
12715403.046043 3569579.005084
12712219.419925 3569527.707656
12712305.358572 3569470.337480
12712465.547320 3569570.089395
12712474.341559 3569565.825372
12712376.046449 3569612.342064
12712306.805726 3569614.667903
12712646.107534 3569443.719875
12712592.451539 3569403.535151
12712638.426489 3569511.039267
12717288.352939 3569665.578045
12717538.376515 3569568.926479
12714001.422334 3569584.690454
12713985.726286 3569471.371175
12713996.858235 3569507.162901
12714009.771296 3569651.881388
12714027.137136 3569474.601471
12711109.341963 3569508.842659
12711061.919860 3569438.551415
12710934.013765 3569519.567277
12710912.083826 3569576.033187
12710813.566076 3569488.814783
12710529.812694 3569610.274652
12710633.339821 3569606.269042
12710642.579338 3569214.371489
12710927.668554 3568989.420322
12711006.148795 3568977.145675
12711027.522137 3568955.438962
12714675.684490 3569619.836436
12715224.934857 3569675.139871
12715077.325213 3569672.684807
12715117.288910 3569775.410272
12715151.241354 3569705.375965
12716657.505384 3569625.263398
12716659.843094 3569628.881374
12716710.604781 3569621.774636
12713441.373976 3569870.512835
12716972.316904 3569553.291737
12717038.997279 3569662.476914
12716950.943562 3569702.662466
12717043.227420 3569724.628900
12718278.873768 3569747.629089
12718155.865730 3569970.009494
12714986.599828 3569812.495018
12714983.482882 3569887.956998
12714305.992461 3569902.816859
12714371.114363 3569969.234192
12714395.827290 3569943.649263
12714413.081811 3569849.967520
12714839.880739 3569865.990279
12716398.576249 3569788.719419
12714528.854081 3570067.051799
12711976.520797 3569338.800544
12712849.933521 3570007.353248
12712946.113561 3570119.126741
12712906.595142 3570096.125872
12713102.072168 3569938.351381
12713192.797553 3570054.905318
12713133.686903 3570125.716886
12717699.678457 3570132.953127
12718141.282877 3570060.720121
12717971.298015 3569838.596542
12717941.575711 3569794.792530
12717926.102301 3569762.747214
12717905.285557 3569753.314535
12717865.099220 3569786.005903
12716840.180669 3570166.550015
12715580.934589 3570069.636159
12715596.074040 3570235.423917
12714378.684088 3570151.302185
12714427.330706 3570150.009997
12714445.809741 3570107.238646
12714458.054885 3570024.668383
12714408.183753 3570072.220518
12713921.383620 3569607.431961
12713837.782683 3569673.072449
12718546.597143 3570416.203553
12716809.122531 3570176.112223
12715295.288776 3570441.143335
12714729.785762 3570455.616185
12712806.852878 3570235.165477
12712555.604788 3570355.211133
12712598.685431 3570421.889302
12712595.791124 3570310.629997
12714167.956292 3569941.452580
12714221.946245 3570076.743149
12714211.593533 3570005.027337
12714284.062521 3570096.901181
12714170.961919 3570109.306140
12714169.737404 3570120.031271
12714110.515435 3570425.249064
12714433.898556 3570281.296988
12714405.400766 3570241.626463
12713101.960848 3570338.670867
12713330.611083 3570315.928037
12713059.993400 3570420.726308
12713090.383621 3570473.448826
12713133.130306 3570396.691115
12715547.984020 3570315.023493
12715627.354817 3570563.387751
12715914.559103 3570281.296988
12715929.809873 3570270.571719
12715501.118514 3570617.790776
12715404.604515 3570500.585503
12719514.742755 3570536.897053
12719501.161777 3570601.120941
12719490.475106 3570656.816369
12719459.305648 3570533.666484
12714720.323606 3570580.832876
12714753.051536 3570620.633696
12714753.608133 3570695.842083
12714804.592460 3570632.909948
12714827.635595 3570606.548326
12713052.757633 3570449.542755
12715883.612284 3570514.153864
12715791.773704 3570815.892142
12718236.015764 3570604.868421
12713069.121599 3570815.246013
12713001.550668 3570741.329161
12715339.816572 3570756.448481
12715717.634924 3570835.405231
12711596.921333 3569842.731441
12711603.600502 3569671.651096
12711628.424749 3569695.555687
12711436.287308 3569764.814651
12710776.608005 3569839.242620
12710964.292667 3569679.016290
12710911.861187 3569753.443750
12710885.033189 3569780.708086
12711380.516243 3569380.794014
12711301.145446 3569464.006103
12710703.805058 3570403.539848
12710907.408407 3570496.062720
12710802.322808 3570497.742610
12710857.871234 3570515.187644
12710906.517851 3570499.034834
12716676.763656 3570314.118950
12719500.271221 3570805.812545
12719547.693324 3570746.110482
12719397.189372 3570794.957603
12718538.359501 3570746.498157
12718321.397813 3570882.314304
12718379.506587 3570845.097174
12718326.852468 3570674.003175
12718166.997680 3570778.158307
12718226.330968 3570787.591755
12712631.969958 3570754.251656
12712598.017514 3570599.311812
12712719.578398 3570773.376973
12718589.900425 3570496.579609
12718758.883412 3570715.613434
12718653.241215 3570372.009863
12718845.156017 3570462.594172
12718871.761376 3570753.605531
12718880.555616 3570745.722807
12718930.426747 3570655.524129
12718884.563117 3570661.856106
12716178.497615 3570894.073906
12714916.913826 3571012.445900
12715311.986699 3570808.526282
12715272.468280 3570864.997986
12719093.843760 3570961.530299
12719155.069480 3570936.460256
12719246.685421 3570883.477341
12717637.228223 3570992.674081
12717595.928692 3571023.171802
12717581.457158 3570971.868475
12717551.734854 3571031.700839
12717538.376515 3570861.508881
12717632.107526 3570788.884009
12718267.073902 3570956.361214
12718358.801162 3570995.646313
12715028.678595 3571024.980991
12717892.595135 3570703.724775
12718836.584417 3571051.343491
12718872.429293 3571003.787649
12718856.065328 3570916.300877
12718600.921055 3570981.948205
12713097.842027 3571250.227077
12717278.556823 3571176.049205
12715907.768614 3570959.591892
12716056.380134 3570826.230198
12715599.858902 3570885.157284
12715663.978929 3571074.992252
12715728.321595 3571121.126847
12715730.770624 3571150.849505
12715906.989377 3571186.516787
12715975.673503 3571128.105204
12716018.642827 3571114.019265
12714831.086499 3571148.781839
12714887.970759 3571104.197886
12714875.169017 3571089.336603
12718376.723600 3571211.458100
12718578.434517 3571198.793593
12712218.195411 3571121.772991
12712107.209879 3570634.719081
12712225.542497 3570760.971359
12712146.616978 3571003.141511
12711983.979202 3570946.798412
12712078.378131 3571158.732483
12711880.340756 3571258.627038
12716199.203041 3571306.959230
12717820.905383 3571349.734667
12717730.402637 3571440.713724
12717686.765396 3571218.565737
12717645.020587 3571295.716163
12717534.369013 3571210.682721
12716583.477923 3571482.972687
12718938.887029 3571324.405387
12719068.017638 3571234.977932
12719087.053271 3571218.048817
12718938.441751 3571238.079451
12718870.982139 3571401.814927
12719013.693726 3571088.819690
12718925.417370 3571167.390841
12718879.442421 3571205.771993
12714719.878328 3571488.012756
12714742.476184 3571298.817698
12714442.692796 3571500.677555
12717305.718779 3571202.282793
12717120.928425 3571353.482370
12717087.977855 3571378.553246
12716352.044702 3571532.985772
12716490.526148 3571566.327939
12716259.760844 3571564.647905
12711444.302311 3571564.001738
12711666.496015 3571581.965187
12711829.356430 3571489.305082
12718026.623802 3571354.257758
12718084.064659 3571581.189786
12715032.240819 3571373.771683
12715082.779868 3571437.612155
12715032.129499 3571409.827294
12714977.805588 3571368.085503
12715089.236398 3571284.343876
12715185.193799 3571132.240528
12715109.719184 3571141.674242
12715099.143833 3571453.507707
12717869.663320 3571543.841351
12717752.109937 3571682.896986
12717873.670821 3571662.090236
12716151.446979 3571722.313594
12716205.436932 3571717.402665
12718799.069748 3571488.529687
12718907.049654 3571684.964739
12714028.027692 3571794.943864
12716700.252069 3571524.456394
12714738.246044 3571482.714222
12714523.399426 3571634.563347
12714592.194872 3571730.843105
12714759.508066 3571640.895819
12714639.505655 3571794.685392
12714750.045910 3571830.612976
12719227.649788 3571633.271006
12719259.375843 3571827.769782
12719255.145702 3571846.121317
12719145.607323 3571743.508149
12719219.634784 3571564.518671
12719191.470953 3571741.181915
12719371.808528 3571566.715639
12719217.964992 3571775.816990
12719950.669881 3571578.346648
12719694.412413 3571280.854654
12719710.665058 3571612.852041
12719721.574368 3571666.096502
12719573.074168 3571668.551956
12711385.191661 3572009.606247
12711217.099230 3572008.055392
12718101.987097 3571989.703620
12718106.328557 3572016.455859
12718207.629294 3572004.178254
12718345.220184 3571714.301027
12718339.542890 3571801.664124
12718222.212147 3571646.452888
12712826.222470 3571953.129394
12712824.663997 3571930.642114
12717500.973166 3571872.097832
12717524.016301 3571929.737454
12717507.318377 3571900.400663
12717482.605450 3571535.958132
12717503.088236 3571799.725587
12711890.359511 3572018.135954
12711890.916108 3572018.782144
12711694.548526 3571786.931251
12711682.414702 3571746.222088
12711713.918118 3571700.860605
12712223.538747 3571625.387731
12712261.832651 3571676.047555
12712063.572638 3571608.975025
12711861.639082 3571518.640913
12712325.730039 3571205.384304
12712278.641895 3571227.482596
12712249.587507 3571348.313124
12712026.391928 3571417.451971
12712118.675786 3571410.344221
12711678.295881 3571651.751491
12713581.859173 3571962.692962
12713732.585764 3572055.615038
12713753.625148 3572020.462238
12713854.146648 3571948.606087
12718028.182275 3572041.011105
12719065.012012 3572115.194087
12719175.997544 3572047.602258
12719092.396606 3572121.139084
12719093.509801 3571821.049509
12718934.211610 3571838.496381
12719225.979995 3571976.004427
12719261.824871 3572030.542810
12715236.400765 3572019.299096
12715414.400631 3572054.064177
12716043.912351 3571966.699324
12716216.902840 3571867.962264
12713455.511551 3572187.051192
12713318.143300 3571961.788300
12713216.285965 3571979.493843
12713213.280339 3571862.275860
12713456.179468 3572104.596492
12712532.116375 3572151.251828
12715023.780537 3572143.626705
12715131.315166 3572199.587455
12715147.567811 3572297.939401
12715266.568347 3572230.475828
12712699.986167 3572351.832975
12712793.717178 3572302.850556
12715038.919988 3572238.359484
12720042.397141 3572292.252802
12719849.703102 3571966.440849
12719874.527349 3571958.815839
12720073.677918 3572032.869097
12715564.681943 3572082.367418
12715600.081541 3572077.714826
12715571.917710 3572077.844064
12715442.453142 3572302.333593
12715318.665869 3572223.238379
12712609.483421 3572338.650353
12711756.330844 3572156.809123
12711696.997555 3572162.366421
12711690.652344 3572157.196841
12719241.342085 3572351.445251
12719183.233311 3572124.499301
12719370.806653 3572138.586373
12719654.003438 3571911.515034
12719613.817101 3572085.210669
12719531.106720 3572001.593497
12719486.690243 3571863.955933
12719757.419244 3571985.955726
12710304.279406 3572113.384741
12710309.622741 3572107.956704
12710475.266144 3571876.879584
12710505.879004 3571765.995094
12710534.154154 3571754.105440
12715155.248856 3572430.282788
12715138.439613 3572361.655330
12714600.098556 3572364.757128
12715084.894938 3572416.324631
12715089.792996 3572414.385999
12713420.223273 3572309.312606
12713355.101370 3572225.952422
12713324.488511 3572294.191415
12713468.647251 3572356.485669
12713444.936200 3572538.329791
12713424.898691 3572473.708266
12713430.464666 3572537.037357
12713418.330841 3572464.919764
12712330.962055 3572486.761787
12712995.762054 3572482.367531
12713168.752543 3572618.590188
12713129.456763 3572493.611660
12712972.607600 3572522.432865
12711281.775854 3572097.359114
12711269.753349 3572117.649629
12711289.234260 3572037.521673
12711085.853551 3572090.897174
12711055.463330 3572162.495660
12710962.734194 3572258.004024
12711076.057435 3572187.697391
12712748.855424 3572431.575211
12712720.580273 3572452.124751
12712587.887440 3572512.351898
12712680.171298 3572587.183885
12718148.852603 3572673.519097
12718126.254746 3572233.706834
12718080.613755 3572303.496761
12718003.135389 3572585.762202
12719416.225005 3572706.347313
12719210.061308 3572429.248850
12720204.700958 3572747.059589
12720232.976109 3572700.919019
12720239.543959 3572358.295050
12720465.633845 3572838.695006
12720332.384414 3572334.514631
12720444.705781 3572472.545082
12720452.609464 3572592.095153
12719354.108729 3572493.482417
12719775.786960 3572725.346359
12719707.548113 3572823.702423
12719751.519311 3572755.848288
12719725.915829 3572742.148260
12720047.629157 3572636.942879
12720117.203839 3572618.202456
12720026.812412 3572328.828016
12719665.024067 3572402.366489
12719816.307255 3572450.315356
12719799.609331 3572545.438179
12719647.435588 3572577.102866
12719474.222460 3572377.164327
12712247.583757 3572696.524688
12718302.139541 3572178.133651
12718371.714223 3572095.937487
12719030.280331 3572652.581461
12718873.542488 3572258.391746
12718905.825140 3572441.656113
12719005.122126 3572524.242270
12718784.264256 3572373.933285
12718860.740746 3572456.389754
12718686.748382 3571905.440899
12718321.731772 3572039.460246
12712115.670160 3573482.100448
12712128.360582 3573407.909388
12712416.121466 3573445.392621
12712294.894540 3573226.181919
12711846.610951 3572845.028084
12711974.628365 3572868.163236
12711957.596483 3572904.610881
12711868.874849 3573164.141849
12718632.647110 3572625.827866
12718580.549588 3572461.300971
12718794.950927 3572951.915428
12718792.056620 3572991.206773
12720258.356953 3573043.940086
12720262.364455 3572952.690914
12718088.851397 3572918.181839
12718062.357358 3573013.695953
12718184.252201 3572955.017372
12713002.775182 3573219.202395
12712937.541961 3573144.754390
12713043.852074 3573048.463787
12713160.292262 3573196.583597
12712991.420594 3572960.187280
12712877.986033 3572879.536958
12712743.066810 3572886.128552
12712756.202510 3573020.804610
12712771.119322 3573520.876438
12712826.111150 3573551.897316
12720133.679123 3573160.135105
12720128.335788 3573159.747355
12720296.984816 3573147.468632
12720330.269344 3573146.046886
12720282.513283 3573110.891033
12719979.835587 3573159.747355
12719833.116498 3573017.314905
12719797.271622 3572981.900917
12719781.241616 3572979.057462
12719720.461174 3572979.574454
12719808.960169 3572941.963364
12713637.184960 3572976.601752
12713724.348121 3573030.885985
12714056.302843 3572658.526712
12710963.068152 3572306.340063
12710916.981883 3572339.684284
12710922.547858 3572346.404835
12710611.855159 3572546.989101
12710608.070296 3572556.294634
12710497.196083 3572553.839007
12710354.039218 3572663.050275
12710436.972239 3572734.522779
12710342.573311 3572720.822774
12718676.952267 3573299.596397
12718424.924940 3573119.421489
12718655.133647 3573090.598913
12718601.255013 3573179.393337
12718730.608261 3573120.843232
12718652.350659 3573084.007212
12718656.135522 3573091.374408
12718464.999956 3573045.491069
12717978.199823 3573218.814644
12718283.215228 3573093.054646
12720657.103369 3573261.855098
12720422.998480 3573124.462215
12720475.096002 3573148.373380
12720554.912077 3573088.918675
12720780.000087 3573105.979562
12719619.160437 3573082.197726
12719583.872158 3573071.728563
12719863.618039 3573222.950657
12719789.590577 3573315.752810
12719829.554275 3573337.725565
12720074.902432 3573295.201857
12720053.529090 3573243.501493
12719805.175306 3573074.701288
12719715.785755 3573009.818505
12719812.633712 3573043.681589
12719896.012011 3573381.154183
12721069.876041 3573327.902447
12720172.084348 3573517.903608
12720326.929759 3573332.943257
12720241.992988 3573167.631594
12720206.704709 3573264.957118
12720130.228219 3573310.582756
12720165.516498 3573383.868476
12720381.587629 3573435.698671
12720399.621387 3573371.331030
12720378.470684 3573185.338838
12711785.051272 3573595.843692
12711793.734193 3573579.945427
12711894.700971 3573533.414034
12711847.724146 3573581.625730
12712118.787106 3573636.041835
12711997.448861 3573371.460282
12719804.062111 3573502.651708
12719798.941415 3573698.084237
12719654.003438 3573600.109084
12719599.902165 3573666.028958
12718920.185354 3573027.008532
12718877.772628 3573179.910337
12719176.331503 3573263.147606
12719326.501496 3573299.984151
12719496.486358 3573245.569503
12719495.595802 3573317.433078
12720775.992585 3573635.395561
12720725.898814 3573577.748107
12720531.757622 3573654.008249
12720754.173965 3573222.433656
12720732.577984 3573260.433338
12720447.711407 3573489.209371
12720275.277516 3573714.241163
12720249.451394 3573825.272121
12720166.852332 3573624.667428
12721029.244427 3573679.212974
12718375.499086 3573443.324578
12718094.640011 3573638.497674
12718234.345971 3573651.423152
12718190.597412 3573668.484803
12713566.274445 3573119.679987
12721350.067199 3573846.470227
12719862.838802 3573779.644612
12718064.917706 3573894.424611
12717908.402502 3573897.009758
12717965.843360 3573903.472629
12712515.418451 3573816.611930
12711253.612023 3573126.530206
12711226.450068 3573285.637273
12711367.491862 3573274.521686
12711272.313698 3573229.413181
12711318.956564 3573215.583385
12711751.321467 3573583.693796
12711692.322137 3573657.368876
12711542.263463 3573581.108714
12711556.178399 3573577.360345
12711524.007066 3573584.598575
12711635.660516 3573769.691891
12711692.656095 3573657.368876
12711601.374113 3573721.996495
12711600.928835 3573721.996495
12711786.498426 3573112.442025
12711676.292130 3573072.633305
12711589.462927 3573245.569503
12711661.041360 3573124.591464
12715630.026484 3573928.290082
12715434.660778 3573837.163737
12715582.381742 3573940.957342
12713260.591123 3573768.011563
12713242.780004 3573924.412352
12713142.369824 3573669.777353
12720490.458091 3573689.682644
12720324.146772 3573622.857864
12720350.752130 3573646.769978
12720353.423798 3573644.701902
12720370.900958 3573650.776878
12720438.805848 3573960.087515
12720415.540074 3573934.106679
12720355.650188 3573887.703231
12720760.853134 3573767.494539
12720738.032639 3573762.970578
12720823.526008 3573790.760647
12712097.970361 3574023.424106
12712049.546382 3573944.318046
12711895.925485 3573960.604547
12711833.697890 3573902.697084
12711899.932987 3573816.870443
12711936.223141 3573811.441669
12715710.621796 3574153.588268
12715668.654348 3574147.642308
12712750.191258 3574156.690508
12713980.160311 3574096.972508
12713590.653413 3573970.298903
12713726.351872 3573985.034338
12713729.802777 3573884.084028
12713749.283687 3574045.010324
12713539.001169 3574047.207725
12713542.452073 3574141.825612
12713523.527760 3574078.488423
12713499.928028 3574045.915136
12713513.397686 3574112.225131
12713456.736066 3573966.033386
12713413.321464 3574217.830660
12713392.616039 3574226.361868
12713424.119455 3574184.998491
12712082.496952 3574159.404970
12711820.228231 3574056.385112
12715389.687704 3574197.536750
12715329.463859 3574031.438147
12715364.084221 3574013.212675
12715267.458903 3574228.042258
12715331.244971 3574073.835091
12715264.564596 3574019.417088
12713403.636668 3574302.496690
12713481.226354 3574272.378785
12712358.569289 3574089.475463
12720274.053001 3574289.570541
12720146.258226 3574202.965691
12720171.750389 3574207.360550
12721086.796604 3574122.824422
12721070.655277 3574154.234568
12721040.821654 3574250.275132
12721128.430093 3574247.302129
12721125.535786 3573908.384412
12721126.760301 3573853.708613
12721034.810401 3573846.470227
12721015.552129 3573902.955599
12721063.642149 3573936.304061
12721020.004909 3573988.265796
12720999.299484 3574058.711774
12720989.614688 3574060.262883
12721001.859832 3574145.315629
12711784.383355 3574021.226709
12715558.002774 3574458.516351
12715680.454214 3574393.367889
12715665.648721 3574487.471331
12715834.297750 3574258.030795
12715588.615634 3574272.378785
12715762.496678 3574293.577646
12718550.827284 3573426.650991
12718740.738335 3573467.365603
12718442.624739 3573392.786874
12718644.113017 3573509.631389
12718481.809199 3573742.289636
12718397.095067 3573651.035387
12718439.507793 3573653.232720
12718626.413218 3573690.458175
12718543.368878 3573740.350800
12718375.165127 3573729.881087
12718454.758563 3573900.111936
12718731.721456 3574502.078110
12718759.662649 3574492.383344
12718579.881671 3574126.572953
12718606.820988 3574242.131691
12718588.007994 3574045.527359
12718533.795402 3574362.215668
12719899.796873 3574479.198473
12719847.699352 3574456.318877
12719999.093859 3574468.728144
12719992.080731 3574468.598881
12719759.534315 3574509.963193
12719811.631837 3574490.444391
12718318.503506 3573974.952197
12718275.311544 3574002.484218
12718139.501765 3573971.979259
12718221.878188 3574169.745780
12718206.293460 3574123.212201
12718263.734317 3574347.738314
12718257.277787 3574408.620871
12713976.152810 3574184.610710
12713935.966473 3574288.407189
12713876.967143 3574284.658609
12713972.145308 3574296.162875
12713771.770225 3574458.128561
12713701.193667 3574517.719016
12714073.557364 3574412.757276
12714176.416574 3574364.413125
12712710.672838 3574357.432969
12720735.583610 3574572.397709
12720774.434112 3574618.286630
12713426.345845 3574338.172928
12713475.326421 3574358.596328
12713624.160580 3574592.175167
12715272.468280 3574323.437078
12715375.216170 3574381.475745
12715398.147985 3574416.505895
12715497.890249 3574684.211853
12715455.032245 3574702.955362
12715414.511950 3574712.262494
12715338.369418 3574715.752670
12715425.309941 3574567.614930
12715425.198621 3574479.974053
12715478.743296 3574468.081828
12721173.291848 3574404.096679
12721286.615090 3574379.278285
12721143.680863 3574471.701200
12721141.120515 3574445.072990
12718113.119046 3573975.986262
12717703.797278 3574626.818110
12717619.194465 3574366.998369
12717833.150527 3574470.537830
12717918.643896 3574534.911109
12717962.949053 3574577.439019
12718138.833848 3574569.553894
12718122.915161 3574203.224212
12718092.636260 3574170.262821
12718093.304177 3574170.392081
12718089.853272 3574171.167642
12718198.501095 3574285.692700
12718166.107124 3574366.352058
12715970.775446 3574652.929645
12716071.296946 3574687.055694
12715931.813624 3574589.589877
12716014.524006 3574586.099735
12716024.542760 3574451.148353
12716002.501501 3574562.185831
12716250.855284 3574596.828691
12715661.418581 3574743.415584
12715582.493062 3574699.335924
12715655.852606 3574658.229518
12715635.369820 3574668.182943
12715862.350262 3574574.724467
12713199.476722 3574473.640149
12713183.224077 3574603.679716
12720611.573697 3574444.685200
12720566.823262 3574440.290259
12720460.735787 3574691.192191
12720651.426075 3574581.446215
12720816.846838 3574705.023613
12720862.042552 3574697.784736
12720878.517836 3574687.960553
12720979.261975 3574690.675129
12721054.068673 3574714.847810
12721456.711271 3574841.141130
12721527.510468 3574883.540810
12721565.581733 3574778.188211
12720115.756685 3574590.236199
12720243.440141 3574591.270315
12720391.383745 3574557.403056
12719685.395534 3574429.173648
12719692.074703 3574438.222051
12719612.926545 3574473.640149
12719541.348113 3574494.580823
12719424.462648 3574445.460779
12719398.525206 3574457.870035
12719332.178790 3574490.832182
12719121.005716 3574493.417452
12718926.307926 3574504.275592
12718861.853941 3574618.157365
12718517.320117 3574662.107475
12718895.361108 3574812.185333
12713331.501638 3575029.355438
12713354.990051 3574967.306453
12713814.294270 3574766.424969
12713806.501906 3574751.300818
12714007.099628 3574979.586957
12713081.144104 3574891.038329
12712894.461318 3574877.077435
12713121.553079 3574732.427970
12713013.239214 3574513.453313
12713057.321733 3574539.306084
12712881.659576 3574589.977670
12712903.923474 3574671.673107
12712968.711418 3574645.303003
12712968.600098 3574645.690798
12712934.091056 3574653.188176
12715120.405855 3574998.072369
12715524.161649 3574722.215962
12715484.197951 3574727.515864
12715137.437738 3574723.896419
12715072.872433 3574747.810631
12716974.988572 3574711.874697
12716950.720923 3574681.497278
12716786.747313 3574673.612088
12716787.749189 3575119.456281
12716987.011077 3574963.040596
12717030.091720 3575015.006583
12717093.098552 3574977.647929
12714237.642293 3574966.013769
12714287.513425 3575026.382250
12713236.212154 3575068.524017
12713158.622469 3574971.701579
12713141.701907 3575055.726349
12713045.744506 3575065.938629
12713039.733253 3575016.040734
12716689.676717 3575123.205110
12716499.209068 3574849.543494
12716475.164058 3574817.873074
12716647.486630 3574909.911415
12716795.652872 3574996.262608
12714521.729634 3574839.331391
12714477.981074 3574881.731065
12714460.503914 3574808.824397
12714423.657163 3574834.160708
12714097.491055 3575311.165106
12714106.841892 3575290.998699
12714073.557364 3575270.832325
12713968.026487 3575158.237331
12713973.592461 3575030.648128
12714176.082615 3575317.887249
12714378.350130 3575248.339099
12718294.235857 3574954.508888
12718240.802502 3574713.038089
12717742.759100 3574942.357677
12717524.684218 3574886.643231
12717538.153876 3574911.462629
12717835.710875 3575127.729561
12717735.412014 3574947.269867
12717744.428892 3575187.193926
12718415.017505 3574816.709672
12718415.240144 3574864.797031
12718415.017505 3574731.393843
12718333.976916 3574637.288571
12718456.205717 3574793.958727
12718449.637867 3574752.205681
12718440.843627 3574747.164301
12716170.259973 3574947.269867
12716213.229297 3574941.323532
12716122.615231 3574961.618645
12716080.981742 3574961.877181
12716184.731507 3575088.948606
12716122.503912 3574960.972303
12716082.874173 3574886.513964
12716063.170623 3575130.185693
12716204.657696 3575258.422264
12716013.967408 3575163.278876
12715907.768614 3575055.597080
12713691.508872 3574698.301798
12713696.184290 3574695.199424
12715365.976652 3575312.199281
12715414.289311 3575377.352515
12715549.876451 3575407.731618
12715553.995272 3575367.269254
12715618.449257 3575328.099742
12715711.067074 3575354.471281
12715579.710075 3574863.245823
12715462.601970 3574961.230839
12715511.582546 3575067.619131
12715467.833986 3575100.970689
12715545.757630 3575136.649198
12715446.794602 3575108.339069
12712420.796884 3574626.688845
12712158.528164 3574310.898693
12713330.945041 3575193.398920
12713245.229033 3575239.290112
12713279.738075 3575400.621608
12713370.240821 3575441.342627
12712277.417380 3575378.386696
12712507.180809 3575334.951166
12715284.824743 3575102.134117
12715350.169284 3575332.365722
12715279.481408 3575387.823602
12715252.987369 3575285.310744
12715174.729767 3575234.636350
12715065.636666 3575173.749784
12715138.328294 3575361.581264
12715035.469084 3575367.269254
12715021.665467 3575460.087267
12714986.488508 3575327.453381
12714814.722534 3575192.881837
12714819.620591 3575220.675073
12714781.660645 3575216.279859
12714791.679399 3575424.537111
12714697.503110 3575217.055485
12714471.747183 3575359.254360
12714474.418850 3575399.587426
12712174.224212 3575656.713765
12714201.463459 3575666.797258
12715614.998353 3575571.650773
12715609.988976 3575590.007783
12715524.495607 3575498.352274
12715793.443497 3575591.041982
12715792.218982 3575534.936833
12715711.401032 3575598.152099
12720793.024467 3575490.725118
12712664.920528 3575813.396653
12712472.560447 3575738.674701
12713003.109141 3575649.603614
12713236.212154 3575791.161008
12713267.715570 3575628.661012
12713887.208536 3575795.556423
12714133.669889 3575713.982943
12714057.527357 3575641.588540
12714089.921329 3575673.907419
12714078.789380 3575688.903407
12714088.585495 3575666.797258
12713998.194069 3575636.676078
12714986.488508 3575985.853513
12715043.150129 3575966.849529
12715237.402640 3575894.195111
12715060.961247 3575735.701346
12714961.107664 3575781.465245
12714903.666807 3575809.130509
12714931.051402 3575845.069586
12715737.783751 3575823.868104
12715744.128962 3575788.187640
12717718.491451 3575875.449822
12717820.794063 3576069.626516
12717769.253139 3576038.211574
12715544.533115 3576138.532816
12715533.735125 3576084.622977
12715039.365266 3576161.674041
12715141.667878 3576209.249432
12715188.199425 3576219.462650
12715330.911013 3576166.974551
12715332.135527 3576179.902634
12715345.939144 3576187.530209
12715250.204382 3575908.544972
12717879.348115 3576142.799072
12714959.103913 3576284.232750
12714928.602373 3576165.164621
12714958.213357 3576300.005160
12717505.982543 3576113.581711
12716132.856624 3575640.942164
12716191.633315 3575638.485932
12716185.510743 3575703.511584
12716054.710342 3575733.891478
12716147.439478 3575712.690183
12716067.178125 3575343.612405
12716064.283818 3575513.865148
12715979.792324 3575521.750866
12716037.678460 3575998.652130
12715944.949324 3575964.005398
12716043.689712 3576032.781839
12716132.300027 3575959.609924
12717191.727621 3575216.021317
12717192.840816 3575339.604965
12716550.082076 3575498.610822
12716922.000494 3575297.333016
12716880.255685 3575276.003187
12716959.403843 3575438.240068
12716750.123201 3575385.238147
12716755.577856 3575604.357296
12716699.806791 3575586.129539
12716695.242692 3575463.189830
12716580.138338 3575351.498016
12716660.844969 3575316.077441
12716648.599825 3575270.315239
12716479.171560 3575326.548476
12717647.803574 3576494.317711
12717707.693461 3576355.208752
12717650.809201 3576318.363237
12717603.943695 3576368.395595
12715430.987235 3576389.856564
12715420.523203 3576263.289088
12715348.276853 3576338.143447
12715356.737134 3576268.072514
12715810.141420 3576161.156919
12715660.416705 3576232.390787
12715537.631307 3576396.967134
12715416.627020 3576705.569767
12715621.566203 3576123.407011
12715483.084756 3576181.712567
12717554.406522 3576425.668023
12716945.711546 3576850.112697
12716666.188305 3576721.471993
12717142.858364 3576454.886111
12717043.561378 3576485.397108
12716720.066938 3576450.878316
12716598.060776 3576775.901718
12716642.254614 3576506.987562
12716682.663589 3576388.046601
12716732.646041 3576364.517110
12716724.853676 3576370.981252
12716752.906188 3576359.475082
12716763.926818 3576350.683859
12716845.746643 3576401.750611
12714935.838140 3576493.024869
12714659.209205 3576746.165735
12714738.468683 3576740.735693
12714985.931911 3576730.780623
12714895.651804 3576694.451149
12715119.515300 3576547.065749
12715105.489044 3576592.961894
12714949.975715 3576395.545020
12714980.254617 3576341.504793
12714972.684891 3576343.056184
12714845.224074 3576361.672889
12714787.337939 3576367.878463
12714839.769419 3576330.257216
12714566.591389 3576637.694636
12714453.045508 3576645.839632
12714312.782950 3576773.445265
12714223.393399 3576782.236785
12714261.687304 3576780.685339
12714359.648455 3576761.033718
12714445.030505 3576670.145367
12714233.968750 3576651.011061
12714371.337002 3576487.207085
12714427.998623 3576397.742833
12714435.123070 3576419.591703
12714005.429836 3576295.221722
12713995.633721 3576272.209533
12713988.620593 3576261.866989
12714102.611751 3576293.411773
12714246.436533 3576447.516941
12714347.625950 3576275.312297
12714184.654216 3576235.364261
12713936.523071 3576147.323891
12713988.175315 3576202.914655
12713951.773841 3576059.154860
12714740.027155 3575694.074441
12714703.959640 3575878.423211
12714530.189915 3575873.381379
12714535.533251 3575882.689379
12714567.036667 3575958.834253
12714520.171161 3575886.050603
12714713.978395 3576030.842649
12714325.028094 3575817.792075
12714283.728563 3576007.830944
12714384.138743 3576091.474814
12714383.693465 3576090.828414
12714470.411349 3576192.184325
12714889.974510 3576019.724629
12714803.924543 3575881.396601
12714592.194872 3576462.513854
12714355.974912 3574664.046454
12714209.144504 3574600.965159
12714112.296547 3574658.875844
12714070.106460 3574529.611289
12714068.770626 3573988.395054
12715057.399024 3574299.394413
12717925.657023 3572667.573839
12717953.820855 3572457.423694
12717740.310071 3572206.049452
12717805.431973 3572074.483860
12717756.674036 3572989.785044
12716692.014427 3574042.683664
12716650.269617 3574526.767483
12715895.300831 3574330.029430
12715928.696678 3574332.873191
12716021.203175 3574350.452817
12715866.580402 3574199.217136
12715842.646712 3574109.639939
12720039.836793 3575690.066889
12719217.964992 3574009.981211
12719396.410136 3574044.364029
12718959.815093 3574153.588268
12718967.273499 3573915.622834
12719069.798750 3573674.301280
12719051.542353 3573697.825727
12718814.765796 3574267.079075
12718806.416835 3574333.002453
12718814.765796 3574429.302911
12718856.844564 3574261.520845
12716665.297749 3569598.257825
12716425.181607 3569749.825738
12721650.407185 3574868.287250
12715204.118113 3576771.893821
12715364.306860 3576918.118266
12715581.602506 3576777.453163
12715512.807061 3576764.653751
12715505.905252 3576763.360882
12715536.072834 3576744.614294
12715222.263190 3577073.265431
12714611.787102 3576852.957029
12714580.617645 3576898.725006
12714695.833318 3576884.244724
12714723.663190 3576827.358065
12714698.616305 3576861.490029
12713344.971297 3573673.396495
12713738.151738 3573690.070410
